PoolBackground,0,-96,0B35B164,0,1,1,4294967295,0,0
Block,0,416,74F2E373,0,50,6,4294967295,0,0
Block,1568,0,30463CAA,0,1,12,4294967295,0,0
Block,32,0,A461AD7E,0,48,1,4294967295,0,0
Block,0,0,18287F4C,0,1,12,4294967295,0,0
Block,32,32,352A6AEE,0,1,6,4294967295,0,0
Block,64,32,7BB3CFBD,0,1,4,4294967295,0,0
Block,96,32,BE555328,0,1,3,4294967295,0,0
Block,128,32,95C8D0EF,0,2,2,4294967295,0,0
Block,192,32,8233F3FD,0,4,1,4294967295,0,0
Block,320,32,D97D9FED,0,2,2,4294967295,0,0
Block,384,32,873FF36B,0,1,3,4294967295,0,0
Block,416,32,4FA1B977,0,1,4,4294967295,0,0
Block,448,32,7BC46212,0,1,6,4294967295,0,0
Block,480,32,9C11A25C,0,1,4,4294967295,0,0
Block,512,32,EFF43D56,0,1,3,4294967295,0,0
Block,544,32,C76C0409,0,2,2,4294967295,0,0
Block,608,32,B031CA02,0,12,1,4294967295,0,0
Block,992,32,61763299,0,2,2,4294967295,0,0
Block,1056,32,071DDFE2,0,1,3,4294967295,0,0
Block,1088,32,3F1AC7BA,0,1,4,4294967295,0,0
Block,1120,32,1667A32F,0,1,6,4294967295,0,0
Block,1152,32,69475FCC,0,1,4,4294967295,0,0
Block,1184,32,E43A4806,0,1,3,4294967295,0,0
Block,1216,32,6D3C6136,0,2,2,4294967295,0,0
Block,1280,32,670DFA0C,0,4,1,4294967295,0,0
Block,1408,32,1DFF46E7,0,2,2,4294967295,0,0
Block,1472,32,3C869661,0,1,3,4294967295,0,0
Block,1504,32,4A9F48CC,0,1,4,4294967295,0,0
Block,1536,32,798DC57F,0,1,6,4294967295,0,0
Block,448,256,1D502C3B,0,1,5,4294967295,0,0
Block,1120,256,7C6309F9,0,1,5,4294967295,0,0
Block,-64,384,0E48C6EB,0,1,1,4294967295,0,0
OutsideBlock,1600,416,07CB323A,0,9,1,4294967295,0,0
OutsideBlock,1600,352,DD338D66,0,9,1,4294967295,0,0
OutsideBlock,-288,416,F87336F2,0,9,1,4294967295,0,0
OutsideBlock,-288,352,67E75A1E,0,9,1,4294967295,0,0
Block,1632,384,85A80FC7,0,1,1,4294967295,0,0
NextLevel,1600,384,02274EFC,0,1,1,4294967295,0,0
CameraFull,64,-96,C74E607E,0,1,1,4294967295,0,0
PlayerStart,-32,384,C7003A8A,0,1,1,4294967295,0,0
PoolWater,-64,176,53BC9B30,0,1,1,4294967295,0,0
