PoolBackground,384,-64,0D04B364,0,1,1,4294967295,0,0
FallSpike,480,160,1B581985,0,1,1,4294967295,0,0
FallSpike,512,160,4817C8CB,0,1,1,4294967295,0,0
FallSpike,544,224,56419451,0,1,1,4294967295,0,0
FallSpike,576,224,786E9E3E,0,1,1,4294967295,0,0
FloatSpike,544,256,D5884BD5,0,1,1,4294967295,0,0
FloatSpike,576,256,962983C2,0,1,1,4294967295,0,0
FloatSpike,608,256,257DCE31,0,1,1,4294967295,0,0
FloatSpike,640,256,D14B6AB5,0,1,1,4294967295,0,0
FloatSpike,672,256,D6A8140E,0,1,1,4294967295,0,0
FloatSpike,704,256,E7654EE4,0,1,1,4294967295,0,0
FallSpike,672,224,AEBBACDC,0,1,1,4294967295,0,0
FallSpike,704,224,1F7245C4,0,1,1,4294967295,0,0
FallSpike,608,160,12C44C67,0,1,1,4294967295,0,0
FallSpike,640,160,0FF64106,0,1,1,4294967295,0,0
Autotiler,288,-64,E883BB22,0,1,1,4294967295,0,1
Block,0,128,003F7A19,0,1,34,4294967295,0,0
Block,32,1184,001A25E1,0,45,1,4294967295,0,0
Block,-32,0,00256BF1,0,26,1,4294967295,0,0
Block,-32,128,964E5A69,0,1,1,4294967295,0,0
Block,-64,0,D40503D5,0,1,5,4294967295,0,0
Block,800,0,4148A8F2,0,25,19,4294967295,0,0
Block,1568,608,8F648D98,0,1,20,4294967295,0,0
Block,1440,1216,63A251F3,0,1,1,4294967295,0,0
Block,384,128,42234F13,0,1,5,4294967295,0,0
Block,32,288,12D0B1E2,0,9,1,4294967295,0,0
Block,352,288,8285C0B0,0,2,1,4294967295,0,0
Block,480,96,D5CA4382,0,2,2,4294967295,0,0
Block,544,96,74F27578,0,2,4,4294967295,0,0
Block,608,32,E97D441B,0,2,4,4294967295,0,0
Block,672,96,1BBE9C46,0,2,4,4294967295,0,0
Block,736,32,2950DEE1,0,2,4,4294967295,0,0
Block,416,224,8F75A42F,0,3,1,4294967295,0,0
Block,480,288,371DCC4C,0,8,1,4294967295,0,0
Block,160,192,C7CDD810,0,1,2,4294967295,0,0
Block,192,192,4DB5B2AE,0,6,1,4294967295,0,0
Block,256,224,11999812,0,1,1,4294967295,0,0
CameraFull,352,-64,C6F21201,0,1,1,4294967295,0,0
NextLevel,1472,1216,8FBBE2C9,0,3,1,4294967295,0,0
Floater,32,128,7B2DD5F3,0,1,1,4294967295,0,0
Floater,64,128,4CBC671F,0,1,1,4294967295,0,0
Floater,96,128,23DF125C,0,1,1,4294967295,0,0
Floater,128,128,8FC45632,0,1,1,4294967295,0,0
Floater,160,128,D8D0F034,0,1,1,4294967295,0,0
Floater,192,128,181A1D85,0,1,1,4294967295,0,0
Floater,224,128,B9026DBA,0,1,1,4294967295,0,0
Floater,256,128,3BA30DE2,0,1,1,4294967295,0,0
Floater,288,128,86F5D50B,0,1,1,4294967295,0,0
Floater,320,128,6E29CE71,0,1,1,4294967295,0,0
Floater,352,128,E168F99B,0,1,1,4294967295,0,0
PoolLadderTop,320,288,BCB92EC5,0,1,1,4294967295,0,0
PoolLadder,320,320,FA026BCB,0,1,1,4294967295,0,0
PoolLadder,320,352,2A188EA3,0,1,1,4294967295,0,0
PoolLadder,320,384,4291A1B4,0,1,1,4294967295,0,0
PoolLadder,320,416,FB0F015B,0,1,1,4294967295,0,0
PoolLadder,320,448,0FE1D46F,0,1,1,4294967295,0,0
Valve,32,256,4DE1F620,0,1,1,4294967295,0,0
SavePool,512,64,4C0593B7,0,1,1,4294967295,0,0
FloatBox,192,224,9943EF23,0,1,1,4294967295,0,0
FloatBox,224,224,816F31D9,0,1,1,4294967295,0,0
DickMove,416,288,8A704695,0,1,1,4294967295,0,0
DickMove,448,288,BB8B8456,0,1,1,4294967295,0,0
PlayerStart,-32,96,96BD2CE7,0,1,1,4294967295,0,0
PoolWater,-96,176,9C5D4702,0,1,1,4294967295,0,0
