TitleMenu,64,32,00360EC8,0,1,1,4294967295,0,0
PoolMusic,32,32,001584AA,0,1,1,4294967295,0,0
TextDraw,136,124,B7A72ED9,0,1,1,1073741824,0,1
TextDraw,45,228,AFBA703E,0,1,1,1073741824,0,1
TextDraw,41,224,9BE3C0EF,0,1,1,4285307392,0,1
TextDraw,132,120,3941E00E,0,1,1,4286892288,0,1
TextDraw,440,568,E4961453,0,1,1,4282269246,0,1
TextDraw,7,568,4D13522A,0,1,1,4282269246,0,1
Bourney,628,252,1FBAD65F,0,0.5,0.5,4294967295,0,0
TextDraw,570,284,0E08119C,0,1,1,1073741824,0,1
TextDraw,568,282,00BEF08C,0,1,1,4286643968,0,1
PoolWater,305,326,81B25197,0,1,1,4294967295,0,0
