PoolBackground,32,32,37E255FE,0,1,1,4294967295,0,0
Block,64,112,677D1D0F,0,1,11,4294967295,0,0
Block,224,112,D0ED322E,0,1,11,4294967295,0,0
Block,96,112,631B2921,0,4,5,4294967295,0,0
Block,96,432,34CEE4E1,0,4,1,4294967295,0,0
Block,304,112,1A5C13AB,0,1,11,4294967295,0,0
Block,464,112,C7A440BB,0,1,11,4294967295,0,0
Block,336,112,05CA79ED,0,4,5,4294967295,0,0
Block,336,432,2914FE55,0,4,1,4294967295,0,0
Block,544,112,4AE13D3B,0,1,11,4294967295,0,0
Block,704,112,FA04319B,0,1,11,4294967295,0,0
Block,576,112,5D32F62A,0,4,5,4294967295,0,0
Block,576,432,3AD70E46,0,4,1,4294967295,0,0
Block,0,0,181EA8C0,0,1,19,4294967295,0,0
Block,32,576,89436667,0,24,1,4294967295,0,0
Block,32,0,0C2560CE,0,24,1,4294967295,0,0
Block,768,32,2FF641C6,0,1,17,4294967295,0,0
Block,608,32,A5B6DB3C,0,1,1,4294967295,0,0
Block,608,64,76ED8901,0,5,1,4294967295,0,0
FileMenu,96,144,0003AE2C,0,1,1,4294967295,0,0
DisplayGlobalItem1,640,32,002B5CAA,0,1,1,4294967295,0,0
DisplayGlobalItem2,672,32,003BEEA6,0,1,1,4294967295,0,0
DisplayGlobalItem3,704,32,0004E366,0,1,1,4294967295,0,0
DisplayGlobalItem4,736,32,00118560,0,1,1,4294967295,0,0
PoolWater,-32,496,3852DCA5,0,1,1,4294967295,0,0
