PoolBackground,32,-64,0B35B164,0,1,1,4294967295,0,0
FallSpike,992,864,C1C1ED02,0,1,1,4294967295,0,0
FloatSpike,960,896,E0F568D5,0,1,1,4294967295,0,0
PoolSpikeL,960,672,297EB4EA,0,1,1,4294967295,0,0
PoolSpikeL,960,704,FE39A15E,0,1,1,4294967295,0,0
FallSpike,1184,1056,5684891C,0,1,1,4294967295,0,0
FallSpike,1216,1056,F4973061,0,1,1,4294967295,0,0
FallSpike,1248,1056,A843D2AD,0,1,1,4294967295,0,0
FallSpike,1280,1056,6E750107,0,1,1,4294967295,0,0
FallSpike,1312,1056,6FE936D5,0,1,1,4294967295,0,0
FallSpike,1504,1088,FC4A0B1B,0,1,1,4294967295,0,0
FallSpike,1536,1088,F50EEA3D,0,1,1,4294967295,0,0
FloatSpike,1504,928,CF211EC7,0,1,1,4294967295,0,0
FloatSpike,1536,928,D8BAE64D,0,1,1,4294967295,0,0
Butten,1216,864,EEE35B7F,0,1,1,4294967295,0,1
Butten,928,896,7AC77352,0,1,1,4294967295,0,1
Butten,1376,832,65785C94,0,1,1,4294967295,0,1
Butten,1440,832,5715C417,0,1,1,4294967295,0,1
Butten,1088,800,F34E0B2C,0,1,1,4294967295,0,1
Butten,416,64,91C3064A,0,1,1,4294967295,0,1
Butten,320,96,6F733A8E,0,1,1,4294967295,0,1
Butten,224,128,63B04BA8,0,1,1,4294967295,0,1
Butten,128,160,43D4BE55,0,1,1,4294967295,0,1
Butten,512,32,45EA3B82,0,1,1,4294967295,0,1
Butten,768,32,8764F73B,0,1,1,4294967295,0,1
Butten,192,320,F17094E4,0,1,1,4294967295,0,1
Butten,288,288,CCDA6534,0,1,1,4294967295,0,1
Butten,384,256,EF3E0334,0,1,1,4294967295,0,1
Butten,480,224,06F8892D,0,1,1,4294967295,0,1
Butten,576,192,DDF2D162,0,1,1,4294967295,0,1
Butten,672,160,F62FA937,0,1,1,4294967295,0,1
Butten,544,544,F3D77652,0,1,1,4294967295,0,1
Butten,736,256,45715CA6,0,1,1,4294967295,0,1
Block,0,1184,74F2E373,0,50,1,4294967295,0,0
Block,0,32,776E9051,0,1,33,4294967295,0,0
Block,1568,32,09FF1452,0,1,35,4294967295,0,0
Block,0,0,290DF5B3,0,50,1,4294967295,0,0
Block,1120,928,920A1921,0,9,1,4294967295,0,0
Block,896,928,227F9E01,0,5,1,4294967295,0,0
Block,864,1120,6547D326,0,5,2,4294967295,0,0
Block,1120,1152,211D5588,0,1,1,4294967295,0,0
Block,864,832,4D7BE0DB,0,5,1,4294967295,0,0
Block,1056,832,AFD3045C,0,4,1,4294967295,0,0
Block,1184,704,A5871B3C,0,8,1,4294967295,0,0
Block,1312,864,E05C3248,0,8,1,4294967295,0,0
Block,1312,768,050B8A51,0,1,3,4294967295,0,0
Block,1408,736,2853DF95,0,1,3,4294967295,0,0
Block,1504,640,BE0F7070,0,2,7,4294967295,0,0
Block,864,864,19061C02,0,1,1,4294967295,0,0
Block,992,672,0FE21EA5,0,1,5,4294967295,0,0
Block,1632,1152,F60C0907,0,1,1,4294967295,0,0
Block,1056,640,DA31398C,0,3,5,4294967295,0,0
Block,1344,672,963E6813,0,2,1,4294967295,0,0
Block,864,960,A0CF31E2,0,5,1,4294967295,0,0
OutsideBlock,1600,1120,B6633C02,0,10,1,4294967295,0,0
OutsideBlock,1600,1184,2156A8FA,0,10,1,4294967295,0,0
OutsideBlock,-320,1056,6F02229A,0,10,1,4294967295,0,0
OutsideBlock,-320,1184,8FDE5AB8,0,10,1,4294967295,0,0
Block,-64,1088,BE915E75,0,1,3,4294967295,0,0
Block,32,576,24783B14,0,22,2,4294967295,0,0
Block,768,64,7B5B8959,0,2,35,4294967295,0,0
Block,1280,1152,978ED072,0,3,1,4294967295,0,0
Block,1504,960,09038B45,0,2,4,4294967295,0,0
Block,1184,960,3C76A7D8,0,5,3,4294967295,0,0
Block,928,992,768B3C5B,0,3,2,4294967295,0,0
Block,864,576,1792C8E6,0,22,2,4294967295,0,0
Block,1216,896,3F5CCA7D,0,2,1,4294967295,0,0
Block,1056,864,F16DAAC9,0,3,1,4294967295,0,0
Block,832,320,88CFC024,0,11,1,4294967295,0,0
Block,1216,320,A0E0C834,0,11,1,4294967295,0,0
Block,1152,416,9D785B64,0,3,1,4294967295,0,0
Block,1024,448,419F2FEC,0,3,1,4294967295,0,0
Block,896,480,5AFF0909,0,3,1,4294967295,0,0
Block,1280,448,CFBABCA2,0,3,1,4294967295,0,0
Block,1408,480,1DC3AFFC,0,3,1,4294967295,0,0
Block,928,512,E174E435,0,1,2,4294967295,0,0
Block,1056,480,51CCC860,0,1,3,4294967295,0,0
Block,1184,448,568AC8E1,0,1,4,4294967295,0,0
Block,1312,480,26588B19,0,1,3,4294967295,0,0
Block,1440,512,7181D072,0,1,2,4294967295,0,0
Block,832,64,FC4F9EEC,0,11,1,4294967295,0,0
Block,1216,64,08BE9337,0,11,1,4294967295,0,0
Block,416,96,44D80A9C,0,4,1,4294967295,0,0
Block,320,128,A1E5D933,0,4,1,4294967295,0,0
Block,352,96,C981F596,0,1,1,4294967295,0,0
Block,224,160,3BD8722D,0,4,1,4294967295,0,0
Block,256,128,77A83D7E,0,1,1,4294967295,0,0
Block,576,128,FC181448,0,6,1,4294967295,0,0
Block,480,160,54C8D54C,0,6,1,4294967295,0,0
Block,672,96,DE4C6BEF,0,3,1,4294967295,0,0
Block,384,192,2118BAB0,0,6,1,4294967295,0,0
Block,288,224,A64DCD42,0,6,1,4294967295,0,0
Block,128,192,85131983,0,4,1,4294967295,0,0
Block,96,224,D7B89D25,0,2,1,4294967295,0,0
Block,160,160,9E6C2F99,0,1,1,4294967295,0,0
Block,512,64,76E36582,0,4,1,4294967295,0,0
Block,544,32,88DF3D8C,0,6,1,4294967295,0,0
Block,448,64,97372CAA,0,1,1,4294967295,0,0
Block,192,256,C2E8C386,0,6,1,4294967295,0,0
Block,32,32,9AFB985C,0,14,1,4294967295,0,0
Block,32,64,70296879,0,11,1,4294967295,0,0
Block,32,96,B0F9A548,0,8,1,4294967295,0,0
Block,32,128,10B6232C,0,5,1,4294967295,0,0
Block,32,160,FF03D5D6,0,2,3,4294967295,0,0
Block,32,256,3CDB1EFE,0,1,3,4294967295,0,0
Block,96,288,70CDA785,0,6,1,4294967295,0,0
Block,672,192,B4CF1717,0,3,1,4294967295,0,0
Block,576,224,187B40D7,0,4,1,4294967295,0,0
Block,480,256,9904B253,0,4,1,4294967295,0,0
Block,384,288,DB8FE50F,0,4,1,4294967295,0,0
Block,288,320,B739A16B,0,4,1,4294967295,0,0
Block,192,352,493354A4,0,4,1,4294967295,0,0
Block,32,352,DF128BB8,0,3,2,4294967295,0,0
Block,160,320,D7FB5A95,0,1,3,4294967295,0,0
Block,736,480,62EEB4D1,0,1,1,4294967295,0,0
Block,256,544,F28B34CA,0,1,1,4294967295,0,0
Block,512,544,BA7714D2,0,1,1,4294967295,0,0
Block,576,544,B602FB75,0,2,1,4294967295,0,0
Block,160,544,7CC0A335,0,2,1,4294967295,0,0
Block,32,480,48B5B92E,0,1,1,4294967295,0,0
Block,256,416,DE020899,0,11,1,4294967295,0,0
Block,352,384,5CFBEA04,0,13,1,4294967295,0,0
Block,448,352,2BA4C861,0,10,1,4294967295,0,0
Block,544,320,634BF7C8,0,7,1,4294967295,0,0
Block,640,288,4A8E78E2,0,4,1,4294967295,0,0
Block,192,384,6E658545,0,1,2,4294967295,0,0
NextLevel,-32,1088,02274EFC,0,1,3,4294967295,0,0
Sponge,928,864,19A27780,0,1,1,4294967295,0,0
FloatBox,1216,832,48CB858C,0,1,1,4294967295,0,0
Brock,1376,800,86959E81,0,1,1,4294967295,0,0
Valve,1312,896,71133915,0,1,1,4294967295,0,0
PoolLadderTop,1408,928,9E045142,0,1,1,4294967295,0,0
PoolLadder,1408,960,B812C429,0,1,1,4294967295,0,0
PoolLadder,1408,992,852908A5,0,1,1,4294967295,0,0
PoolLadder,1408,1024,B188D028,0,1,1,4294967295,0,0
PoolLadder,1408,1056,99A78039,0,1,1,4294967295,0,0
PoolLadder,1408,1088,E714C8E1,0,1,1,4294967295,0,0
PoolLadder,1408,1120,DB3973CE,0,1,1,4294967295,0,0
PoolLadder,1408,1152,20A137CB,0,1,1,4294967295,0,0
Elevator,1216,672,11D11CB6,0,1,1,4294967295,0,0
Valve,1216,1152,D26AF97A,0,1,1,4294967295,0,0
Elevator,1184,672,E1644CF2,0,1,1,4294967295,0,0
Elevator,1248,672,FDA50C2B,0,1,1,4294967295,0,0
Elevator,864,1088,5CBEBB99,0,1,1,4294967295,0,0
Elevator,960,800,2ABBF339,0,1,1,4294967295,0,0
Valve,1312,736,BD568351,0,1,1,4294967295,0,0
PoolStraight,832,608,E7CAA2E4,0,1,1,4294967295,0,0
Brock,1280,672,7D77F753,0,1,1,4294967295,0,0
Clown,832,288,F28BCE2E,0,1,1,4294967295,0,0
Clown,832,256,7FAD9922,0,1,1,4294967295,0,0
Clown,832,224,5C48545F,0,1,1,4294967295,0,0
Clown,832,192,11044885,0,1,1,4294967295,0,0
Clown,832,160,A91D83A3,0,1,1,4294967295,0,0
Clown,832,128,1507490E,0,1,1,4294967295,0,0
Clown,832,96,097ABB31,0,1,1,4294967295,0,0
Clown,928,448,7FD75B19,0,1,1,4294967295,0,0
Clown,1056,416,E29C3F15,0,1,1,4294967295,0,0
Clown,1312,416,DBB82297,0,1,1,4294967295,0,0
Clown,1440,448,4AEF1400,0,1,1,4294967295,0,0
Clown,1248,32,5F3D6871,0,1,1,4294967295,0,0
Clown,1312,32,1ECA1C4F,0,1,1,4294967295,0,0
Clown,1376,32,43D4FCDE,0,1,1,4294967295,0,0
Clown,1440,32,6607791B,0,1,1,4294967295,0,0
Clown,1504,32,1014BFAC,0,1,1,4294967295,0,0
Clown,864,160,FAB69870,0,1,1,4294967295,0,0
Clown,864,192,B3655483,0,1,1,4294967295,0,0
Clown,864,224,45CDCF27,0,1,1,4294967295,0,0
Clown,864,256,AD8A7C53,0,1,1,4294967295,0,0
Clown,864,288,CA469F7F,0,1,1,4294967295,0,0
Clown,896,224,9048132A,0,1,1,4294967295,0,0
Clown,896,256,5F823264,0,1,1,4294967295,0,0
Clown,896,288,DA64AEBB,0,1,1,4294967295,0,0
Clown,928,288,38CCE482,0,1,1,4294967295,0,0
Clown,384,64,A4E42878,0,1,1,4294967295,0,0
Elevator,384,96,BFB25574,0,1,1,4294967295,0,0
Clown,288,96,A64F094C,0,1,1,4294967295,0,0
Elevator,288,128,11FE2992,0,1,1,4294967295,0,0
Clown,192,128,446271C1,0,1,1,4294967295,0,0
Elevator,192,160,531828A5,0,1,1,4294967295,0,0
Clown,96,160,24256050,0,1,1,4294967295,0,0
Elevator,96,192,6ED233AB,0,1,1,4294967295,0,0
Clown,480,32,B1680A03,0,1,1,4294967295,0,0
Elevator,480,64,43C4E014,0,1,1,4294967295,0,0
Clown,736,160,32AB24C8,0,1,1,4294967295,0,0
Clown,640,192,B3509B72,0,1,1,4294967295,0,0
Clown,544,224,ECC947D8,0,1,1,4294967295,0,0
Clown,448,256,32924B4E,0,1,1,4294967295,0,0
Clown,352,288,110B7DB9,0,1,1,4294967295,0,0
Clown,256,320,4AE34AA0,0,1,1,4294967295,0,0
Elevator,288,544,8923524D,0,1,1,4294967295,0,0
Elevator,672,544,60169337,0,1,1,4294967295,0,0
FloatBox,640,448,84FE9C5C,0,3,3,4294967295,0,0
Clown,224,512,11393102,0,1,1,4294967295,0,0
Elevator,320,544,CEB555D4,0,1,1,4294967295,0,0
Elevator,352,544,C28DCC9E,0,1,1,4294967295,0,0
Elevator,384,544,F37E95D8,0,1,1,4294967295,0,0
Elevator,416,544,198E632A,0,1,1,4294967295,0,0
Elevator,448,544,3C6DD121,0,1,1,4294967295,0,0
Elevator,224,544,EAD48CCD,0,1,1,4294967295,0,0
FloatBox,64,480,C466726E,0,3,3,4294967295,0,0
Elevator,480,544,D805D423,0,1,1,4294967295,0,0
FloatBox,704,256,E2005309,0,1,1,4294967295,0,0
PlayerStart,1600,1152,C7003A8A,0,1,1,4294967295,0,0
SavePool,1344,1120,BAFFA914,0,-1,1,4294967295,0,0
SavePool,1184,384,3D78689E,0,1,1,4294967295,0,0
PoolWater,-128,1168,53BC9B30,0,1,1,4294967295,0,0
