PoolBackground,-128,-64,5F00AEC2,0,1,1,4294967295,0,0
FallSpike,320,448,8381E1F9,0,1,1,4294967295,0,0
FallSpike,288,1024,7AE0D989,0,1,1,4294967295,0,0
FloatSpike,576,1472,1307CCC5,0,1,1,4294967295,0,0
FallSpike,512,1472,F0905806,0,1,1,4294967295,0,0
FallSpike,416,1472,86ECF94A,0,1,1,4294967295,0,0
FallSpike,448,1472,3DF0688F,0,1,1,4294967295,0,0
FloatSpike,352,1216,A64274B2,0,1,1,4294967295,0,0
FallSpike,608,1600,3B23FE5C,0,1,1,4294967295,0,0
FallSpike,672,1600,F9809839,0,1,1,4294967295,0,0
FallSpike,704,1600,ADF4F275,0,1,1,4294967295,0,0
FallSpike,736,1600,9999BEA9,0,1,1,4294967295,0,0
FloatSpike,608,1728,405F51F2,0,1,1,4294967295,0,0
FloatSpike,672,1728,1CE3256B,0,1,1,4294967295,0,0
FloatSpike,704,1728,F59445F4,0,1,1,4294967295,0,0
FloatSpike,736,1728,66038E30,0,1,1,4294967295,0,0
PoolSpikeR,704,1440,2562F79C,0,1,1,4294967295,0,0
PoolSpikeR,544,1152,3DA25A53,0,1,1,4294967295,0,0
PoolSpikeR,544,1184,ED45BE51,0,1,1,4294967295,0,0
PoolSpikeR,544,1216,62CE0DE9,0,1,1,4294967295,0,0
PoolSpikeL,608,1248,4266767B,0,1,1,4294967295,0,0
PoolSpikeL,608,1280,0CF18A92,0,1,1,4294967295,0,0
FloatSpike,704,1056,97626AEC,0,1,1,4294967295,0,0
FloatSpike,736,1120,4C7DDBEB,0,1,1,4294967295,0,0
FloatSpike,704,1184,8C654702,0,1,1,4294967295,0,0
FloatSpike,736,1248,FC43F080,0,1,1,4294967295,0,0
FloatSpike,704,1312,84D02CFB,0,1,1,4294967295,0,0
FallSpike,736,1312,5320CD5C,0,1,1,4294967295,0,0
FallSpike,704,1248,6236CA68,0,1,1,4294967295,0,0
FallSpike,736,1184,56EA24E7,0,1,1,4294967295,0,0
FallSpike,704,1120,96A82D19,0,1,1,4294967295,0,0
FallSpike,736,1056,1CBE7100,0,1,1,4294967295,0,0
FallSpike,704,1376,55999B33,0,1,1,4294967295,0,0
FloatSpike,736,1408,B9B62416,0,1,1,4294967295,0,0
FloatSpike,192,1216,4CA43001,0,1,1,4294967295,0,0
FloatSpike,256,1216,7ADA6DFD,0,1,1,4294967295,0,0
FallSpike,480,1312,21A817BF,0,1,1,4294967295,0,0
PoolSpikeL,608,1312,544A18C9,0,1,1,4294967295,0,0
PoolSpikeL,608,1216,7C62976A,0,1,1,4294967295,0,0
FallSpike,192,1280,918F4013,0,1,1,4294967295,0,0
FallSpike,256,1280,120313D4,0,1,1,4294967295,0,0
FallSpike,352,1280,E1945E89,0,1,1,4294967295,0,0
FloatSpike,288,960,B10E9A5B,0,1,1,4294967295,0,0
PoolSpikeR,640,896,3539862D,0,1,1,4294967295,0,0
PoolSpikeR,640,928,B99271C2,0,1,1,4294967295,0,0
PoolSpikeL,704,896,666E9C39,0,1,1,4294967295,0,0
PoolSpikeL,704,928,A8180E48,0,1,1,4294967295,0,0
PoolSpikeR,256,1504,A13F45AD,0,1,1,4294967295,0,0
PoolSpikeR,256,1632,C4255703,0,1,1,4294967295,0,0
FallSpike,32,864,C30C82A7,0,1,1,4294967295,0,0
FallSpike,64,896,00E664B2,0,1,1,4294967295,0,0
FallSpike,96,928,718BF3DD,0,1,1,4294967295,0,0
FallSpike,128,896,30856E01,0,1,1,4294967295,0,0
FallSpike,160,864,E120764C,0,1,1,4294967295,0,0
FallSpike,320,896,0A8AA5D5,0,1,1,4294967295,0,0
FallSpike,352,928,18646120,0,1,1,4294967295,0,0
FallSpike,384,896,07615BE9,0,1,1,4294967295,0,0
FallSpike,544,1088,5D46F39E,0,1,1,4294967295,0,0
Butten,640,480,DC76024E,0,1,1,4294967295,0,1
Butten,64,640,E483157B,0,1,1,4294967295,0,1
Butten,128,640,93A9AD94,0,1,1,4294967295,0,1
Butten,192,640,BE009B06,0,1,1,4294967295,0,1
Butten,544,640,5B789914,0,1,1,4294967295,0,1
Butten,128,1760,B6514DC6,0,1,1,4294967295,0,1
Butten,640,1728,510347CB,0,1,1,4294967295,0,1
Butten,384,1664,2D3DEDA1,0,1,1,4294967295,0,1
Butten,416,1408,E05E630B,0,1,1,4294967295,0,1
Butten,128,1600,06C62014,0,1,1,4294967295,0,1
Block,0,32,F416CB53,0,1,54,4294967295,0,0
Block,0,0,69A5760F,0,21,1,4294967295,0,0
Block,768,0,A2A758F4,0,1,57,4294967295,0,0
Block,0,1792,19546A7C,0,24,1,4294967295,0,0
Block,672,-64,B37A5C39,0,3,1,4294967295,0,0
Block,192,192,5179DB38,0,18,1,4294967295,0,0
Block,160,64,15B91814,0,1,5,4294967295,0,0
Block,64,96,6A923EC6,0,1,1,4294967295,0,0
Block,32,128,4B0B6CCB,0,1,1,4294967295,0,0
Block,128,160,9B1F3A5B,0,1,1,4294967295,0,0
Block,96,192,A5002A8A,0,1,1,4294967295,0,0
Block,32,352,F505F7FF,0,19,1,4294967295,0,0
Block,576,160,AF3583EE,0,5,1,4294967295,0,0
Block,224,512,3DF4B743,0,17,1,4294967295,0,0
Block,576,32,103812DB,0,1,3,4294967295,0,0
Block,320,416,B64411E3,0,1,1,4294967295,0,0
Block,672,320,747D376E,0,3,3,4294967295,0,0
Block,320,480,B1C2A86B,0,1,1,4294967295,0,0
Block,256,384,FC69D5E8,0,1,3,4294967295,0,0
Block,384,384,F983E9BA,0,1,3,4294967295,0,0
Block,32,512,D95DD604,0,5,1,4294967295,0,0
Block,32,672,5B40028C,0,19,1,4294967295,0,0
Block,320,640,41C8FBFA,0,2,1,4294967295,0,0
Block,384,608,244A8986,0,3,2,4294967295,0,0
Block,448,576,04A4FC1E,0,2,1,4294967295,0,0
Block,608,608,0FBB64D5,0,2,1,4294967295,0,0
Block,704,640,1BD00DE5,0,1,1,4294967295,0,0
Block,672,672,9433FE18,0,3,1,4294967295,0,0
Block,256,832,47D84776,0,16,1,4294967295,0,0
Block,32,832,001C0611,0,6,1,4294967295,0,0
Block,320,800,3EB8D64E,0,3,1,4294967295,0,0
Block,32,1088,48123C35,0,3,2,4294967295,0,0
Block,160,1248,97FE3E2D,0,8,1,4294967295,0,0
Block,384,1440,907C4B2E,0,10,1,4294967295,0,0
Block,32,1728,4614CE9C,0,1,1,4294967295,0,0
Block,32,1632,6B0D6DBA,0,7,1,4294967295,0,0
Block,192,1440,03E41DFA,0,1,6,4294967295,0,0
Block,32,1600,2A8159A3,0,1,1,4294967295,0,0
Block,192,992,7B342F7F,0,4,1,4294967295,0,0
Block,480,800,55DC611F,0,3,1,4294967295,0,0
Block,64,800,5BC575EA,0,3,1,4294967295,0,0
Block,256,1120,7B44A523,0,1,3,4294967295,0,0
Block,192,1024,297EF750,0,1,6,4294967295,0,0
Block,288,1120,42C2D638,0,5,1,4294967295,0,0
Block,448,1120,3FAEB222,0,1,5,4294967295,0,0
Block,352,1696,FECF862C,0,8,1,4294967295,0,0
Block,576,1504,D15F4189,0,1,6,4294967295,0,0
Block,608,1568,4C7AF69D,0,1,1,4294967295,0,0
Block,704,1568,8F34DE0B,0,2,1,4294967295,0,0
Block,384,1472,0B9AE2CA,0,1,5,4294967295,0,0
Block,672,1536,192248BF,0,1,2,4294967295,0,0
Block,-64,1760,4C8C2207,0,1,1,4294967295,0,0
Block,224,1760,8F1098C1,0,1,1,4294967295,0,0
Block,736,1440,FEEE063A,0,1,1,4294967295,0,0
Block,640,1408,C2D73EF7,0,1,1,4294967295,0,0
Block,640,1184,5F4D5401,0,1,6,4294967295,0,0
Block,448,896,7835D7AE,0,1,6,4294967295,0,0
Block,480,1056,1C8C7A83,0,6,1,4294967295,0,0
Block,704,1088,D290B9C0,0,2,1,4294967295,0,0
Block,608,992,9DA6392E,0,5,1,4294967295,0,0
Block,704,1024,8858071B,0,2,1,4294967295,0,0
Block,704,1152,0A27CF65,0,2,1,4294967295,0,0
Block,704,1216,1EF82B64,0,2,1,4294967295,0,0
Block,704,1280,A5FCEAEC,0,2,1,4294967295,0,0
Block,704,1344,0BC756DE,0,2,1,4294967295,0,0
Block,128,1504,1E5CBCF1,0,2,1,4294967295,0,0
Block,480,1408,FFEDC161,0,1,1,4294967295,0,0
Block,480,1248,9018DE60,0,1,2,4294967295,0,0
Block,416,1760,089847E8,0,11,1,4294967295,0,0
Block,416,1728,3DE267D0,0,6,1,4294967295,0,0
Block,384,320,0880DC7D,0,1,1,4294967295,0,0
Block,256,320,5D9AEF4B,0,1,1,4294967295,0,0
Block,320,704,4948CCF4,0,2,1,4294967295,0,0
Block,384,704,229AFBB3,0,3,2,4294967295,0,0
Block,608,736,92310CA9,0,2,1,4294967295,0,0
Block,704,704,C876C745,0,1,1,4294967295,0,0
Block,576,640,B48FD5D8,0,2,1,4294967295,0,0
Block,576,704,60379B22,0,2,1,4294967295,0,0
Block,64,864,524268CD,0,3,1,4294967295,0,0
Block,320,864,7F466F46,0,3,1,4294967295,0,0
Block,672,800,BCEBBCF9,0,1,1,4294967295,0,0
Block,352,896,C4297724,0,1,1,4294967295,0,0
Block,96,896,8E2C0813,0,1,1,4294967295,0,0
Block,512,768,97FEB9D4,0,1,1,4294967295,0,0
Block,608,864,42E9C6AC,0,1,4,4294967295,0,0
Block,608,800,2624ECEE,0,1,1,4294967295,0,0
Block,672,960,25913087,0,1,1,4294967295,0,0
Block,736,864,FE1C1951,0,1,4,4294967295,0,0
Block,672,864,B180C0CC,0,1,1,4294967295,0,0
Block,512,864,BDF9445B,0,1,1,4294967295,0,0
Block,224,1504,2DEE92DB,0,1,1,4294967295,0,0
Block,480,1472,E02E9D0D,0,1,1,4294967295,0,0
Block,512,1120,CA64027B,0,1,5,4294967295,0,0
Block,480,1120,5AA47DC4,0,1,1,4294967295,0,0
Block,96,704,6F86F6B0,0,2,1,4294967295,0,0
Block,32,704,B3FAEFB0,0,2,2,4294967295,0,0
Block,256,224,04C6E924,0,1,1,4294967295,0,0
Block,384,224,BE0CC6EC,0,1,1,4294967295,0,0
Block,384,128,C1174BCF,0,1,2,4294967295,0,0
Block,256,128,2CB3EDCD,0,1,2,4294967295,0,0
Block,256,32,05689E0A,0,1,1,4294967295,0,0
Block,384,32,ABA25245,0,1,1,4294967295,0,0
Block,576,224,D5969F0F,0,5,1,4294967295,0,0
Block,704,288,5E0F8509,0,2,1,4294967295,0,0
Block,704,416,A67F050D,0,2,1,4294967295,0,0
Block,736,480,48165337,0,1,1,4294967295,0,0
Block,736,544,FF5AD086,0,1,1,4294967295,0,0
OutsideBlock,640,-288,3A5CE50D,0,1,9,4294967295,0,0
OutsideBlock,768,-288,1608C00D,0,1,9,4294967295,0,0
OutsideBlock,-320,1728,CE982D1C,0,10,1,4294967295,0,0
OutsideBlock,-320,1792,B75680D2,0,10,1,4294967295,0,0
ValveLever,192,320,43255C88,0,1,1,4294967295,0,1
ValveLever,352,768,2647E16A,0,1,1,4294967295,0,1
CameraFull,-96,-64,3BEF5673,0,1,1,4294967295,0,0
Valve,352,160,72FF831E,0,1,1,4294967295,0,0
Floater,672,-32,E3F323A2,0,1,1,4294967295,0,0
NextLevel,-32,1760,BD213706,0,1,1,4294967295,0,0
CubeFloater,32,32,C8177C1D,0,1,1,4294967295,0,0
CubeFloater,128,32,0B37EF02,0,1,1,4294967295,0,0
CubeFloater,96,32,FDD835A9,0,1,1,4294967295,0,0
CubeFloater,64,32,AEC1AA80,0,1,1,4294967295,0,0
PoolLadderTop,64,192,83DC1D13,0,1,1,4294967295,0,0
PoolStraight,32,192,F7648E3D,0,1,1,4294967295,0,0
PoolLadder,64,224,557D79AE,0,1,1,4294967295,0,0
PoolLadder,64,256,E769B63A,0,1,1,4294967295,0,0
PoolLadder,64,288,EF906115,0,1,1,4294967295,0,0
PoolLadder,64,320,E6228225,0,1,1,4294967295,0,0
Brock,608,320,87832C2F,0,1,1,4294967295,0,0
Valve,128,480,1E80F5A3,0,1,1,4294967295,0,0
Brock,576,128,3D487AEF,0,1,1,4294967295,0,0
Brock,448,480,545B61ED,0,1,1,4294967295,0,0
Brock,480,480,B32AEB23,0,1,1,4294967295,0,0
Brock,512,480,1F20D2AA,0,1,1,4294967295,0,0
Brock,480,448,A9D0E9D5,0,1,1,4294967295,0,0
Brock,512,448,03076D04,0,1,1,4294967295,0,0
FloatBox,448,384,9D5715BF,0,1,1,4294967295,0,0
Elevator,288,480,B7CB1F9E,0,1,1,4294967295,0,0
CubeFloater,288,448,821E31C8,0,1,1,4294967295,0,0
Brock,256,640,C663097E,0,1,1,4294967295,0,0
Elevator,288,640,E67B0EC8,0,1,1,4294967295,0,0
Elevator,352,608,7FA79FED,0,1,1,4294967295,0,0
Elevator,416,576,1ECF2C02,0,1,1,4294967295,0,0
Sponge,672,608,47C21AEB,0,1,1,4294967295,0,0
Elevator,672,640,03D5613E,0,1,1,4294967295,0,0
Brock,64,480,0C05BC2F,0,1,1,4294967295,0,0
Brock,64,1056,21F1645E,0,1,1,4294967295,0,0
Elevator,64,1760,F0683DA9,0,1,1,4294967295,0,0
Sponge,64,1728,E3E50A20,0,1,1,4294967295,0,0
Valve,192,1408,06B9B465,0,1,1,4294967295,0,0
Valve,352,1760,A5E58837,0,1,1,4294967295,0,0
FloatBox,384,1216,ED17173C,0,1,1,4294967295,0,0
Valve,256,960,30C84993,0,1,1,4294967295,0,0
Sponge,224,1216,B6DD137F,0,1,1,4294967295,0,0
PoolLadderTop,32,1248,1D8743E1,0,1,1,4294967295,0,0
PoolLadder,32,1280,8BF49493,0,1,1,4294967295,0,0
PoolLadder,32,1312,8B70B8CC,0,1,1,4294967295,0,0
PoolLadder,32,1344,569FBCE5,0,1,1,4294967295,0,0
PoolLadder,32,1376,E144FF0D,0,1,1,4294967295,0,0
PoolLadder,32,1408,8DE76309,0,1,1,4294967295,0,0
PoolLadder,32,1440,1254C9DD,0,1,1,4294967295,0,0
PoolLadder,32,1472,50BFE684,0,1,1,4294967295,0,0
PoolLadder,32,1504,82ABBEA5,0,1,1,4294967295,0,0
PoolLadder,32,1536,194ED068,0,1,1,4294967295,0,0
PoolLadder,32,1568,A71D7755,0,1,1,4294967295,0,0
Valve,64,1600,BE5F94A9,0,1,1,4294967295,0,0
Elevator,704,1536,4DAB544B,0,1,1,4294967295,0,0
Elevator,256,1760,6B802FE4,0,1,1,4294967295,0,0
Elevator,608,1408,3B8DB09F,0,1,1,4294967295,0,0
CubeFloater,192,960,56708592,0,1,1,4294967295,0,0
FloatBox,512,1024,B8681CAA,0,1,1,4294967295,0,0
FloatBox,352,1088,83AB848E,0,1,1,4294967295,0,0
Elevator,192,1760,6332CAAB,0,1,1,4294967295,0,0
Floater,288,1600,1A482AEB,0,1,1,4294967295,0,0
CubeFloater,384,1760,5734D0C8,0,1,1,4294967295,0,0
CubeFloater,736,1536,214D3AA4,0,1,1,4294967295,0,0
Floater,224,160,7B7C8802,0,1,1,4294967295,0,0
Floater,512,160,D523B584,0,1,1,4294967295,0,0
CubeFloater,480,160,B09EC09B,0,1,1,4294967295,0,0
CubeFloater,416,160,58EAB1E7,0,1,1,4294967295,0,0
CubeFloater,128,320,46A9E493,0,1,1,4294967295,0,0
FloatBox,480,1216,145F0129,0,1,1,4294967295,0,0
PlayerStart,704,-32,9955AF01,0,1,1,4294967295,0,0
SavePool,448,320,C7E30CFF,0,1,1,4294967295,0,0
SavePool,96,768,40AAF037,0,1,1,4294967295,0,0
PoolWater,-64,-64,F49E15D9,0,1,1,4294967295,0,0
