PoolBackground,-64,-64,0D04B364,0,1,1,4294967295,0,0
FloatSpike,224,1600,4A19E319,0,1,1,4294967295,0,0
FloatSpike,256,1568,43B2DFA7,0,1,1,4294967295,0,0
FloatSpike,288,1568,9B27DE20,0,1,1,4294967295,0,0
FloatSpike,320,1536,82FC3BF4,0,1,1,4294967295,0,0
FloatSpike,352,1536,0BEEA496,0,1,1,4294967295,0,0
FloatSpike,384,1536,F45EB5CE,0,1,1,4294967295,0,0
FloatSpike,416,1504,83E8A5B3,0,1,1,4294967295,0,0
FloatSpike,448,1504,CF8E81DD,0,1,1,4294967295,0,0
FloatSpike,480,1504,B382ADA0,0,1,1,4294967295,0,0
FloatSpike,512,1504,B9544103,0,1,1,4294967295,0,0
FloatSpike,544,1472,66BF93B4,0,1,1,4294967295,0,0
FloatSpike,576,1472,95C42326,0,1,1,4294967295,0,0
FloatSpike,608,1472,84F31C2A,0,1,1,4294967295,0,0
FloatSpike,640,1472,C18982F6,0,1,1,4294967295,0,0
FloatSpike,672,1472,2158079D,0,1,1,4294967295,0,0
FloatSpike,704,1472,699F56C2,0,1,1,4294967295,0,0
FloatSpike,736,1472,97B98C7A,0,1,1,4294967295,0,0
FallSpike,224,1536,0CD32652,0,1,1,4294967295,0,0
FallSpike,256,1536,A312BF32,0,1,1,4294967295,0,0
FallSpike,288,1504,A0B6832F,0,1,1,4294967295,0,0
FallSpike,320,1504,E022E000,0,1,1,4294967295,0,0
FallSpike,352,1504,E4A6CA1E,0,1,1,4294967295,0,0
FallSpike,384,1472,62D4773C,0,1,1,4294967295,0,0
FallSpike,416,1472,0133905B,0,1,1,4294967295,0,0
FallSpike,448,1472,D9BDC46C,0,1,1,4294967295,0,0
FallSpike,480,1472,EA6EA780,0,1,1,4294967295,0,0
FallSpike,512,1440,FDCB0017,0,1,1,4294967295,0,0
FallSpike,544,1440,8D0B9E51,0,1,1,4294967295,0,0
FallSpike,576,1440,32587F3D,0,1,1,4294967295,0,0
FallSpike,608,1440,3D22E528,0,1,1,4294967295,0,0
FallSpike,640,1440,D6DC054B,0,1,1,4294967295,0,0
FallSpike,672,1440,9CB6DF1B,0,1,1,4294967295,0,0
Autotiler,-96,-64,E883BB22,0,1,1,4294967295,0,1
Block,0,0,003F7A19,0,1,55,4294967295,0,0
Block,96,1664,CF14879F,0,22,3,4294967295,0,0
Block,768,128,FA2E7218,0,1,48,4294967295,0,0
Block,32,0,890C8E88,0,24,1,4294967295,0,0
Block,224,1632,B12C216C,0,1,1,4294967295,0,0
Block,256,1600,E02AEBDD,0,2,2,4294967295,0,0
Block,320,1568,17E74AE0,0,3,3,4294967295,0,0
Block,416,1536,63EC06A4,0,4,4,4294967295,0,0
Block,544,1504,E1D703B2,0,7,5,4294967295,0,0
Block,32,1504,CAB2284F,0,6,2,4294967295,0,0
Block,224,1408,29DEDBFA,0,2,4,4294967295,0,0
Block,288,1408,057C8546,0,3,3,4294967295,0,0
Block,384,1408,CE5134DA,0,4,2,4294967295,0,0
Block,512,1408,540E3A20,0,6,1,4294967295,0,0
Block,160,1568,8D1592F5,0,1,2,4294967295,0,0
ValveLever,160,1632,66A9B3EF,0,1,1,4294967295,0,1
NextLevel,800,64,0A49A074,0,1,1,4294967295,0,0
CameraFull,-64,-32,3887CE9A,0,1,1,4294967295,0,0
JumpBlock,32,1728,F522314F,0,2,1,4294967295,0,0
PoolStraight,32,1664,F010544A,0,2,1,4294967295,0,0
Valve,128,1472,40F2919E,0,1,1,4294967295,0,0
SavePool,96,1632,8596999A,0,1,1,4294967295,0,0
PlayerStart,48,1696,96BD2CE7,0,1,1,4294967295,0,0
PoolWater,-32,1744,9C5D4702,0,1,1,4294967295,0,0
