PoolClear,274,146,D19C543D,0,1,1,4294967295,0,1
DisplayItem1,333,483,3E69951C,0,-1.5,1.5,4288848546,0,0
DisplayItem2,450,488,7D968BFB,0,1.5,1.5,4288716960,315,0
DisplayItem3,753,371,B3C1E0C0,0,-6,6,4288585374,349.56252465,0
DisplayItem4,433,393,6B55759B,0,2,2,4283124555,0,0
TextDraw,32,96,528BAFA7,0,1,1,4278190080,0,1
TextDraw,31,95,A1B61033,0,1,1,4286643968,0,1
MusicPlayer,-64,128,1BE548AE,0,1,1,4294967295,0,1
TextDraw,688,288,93924E05,0,1,1,4286643968,0,1
TextDraw,640,480,EE526286,0,1,1,4294936707,0,1
TextDraw,736,384,A17B886C,0,1,1,4278190335,0,1
TextDraw,640,384,A7C4564A,0,1,1,4286644223,0,1
TextDraw,688,144,0A6292BA,0,1,1,4286643968,0,1
TextDraw,688,240,A6388383,0,1,1,4278231808,0,1
TextDraw,688,80,3C824C30,0,1,1,4286643968,0,1
TextDraw,784,512,C4CE70E2,0,1,1,4286643968,0,1
TextDraw,736,480,FC5010E3,0,1,1,4289355669,0,1
EndKid,377,491,D0E39E4C,0,-4,4,4294967295,0,1
EndKid,502,471,6B24C6B3,0,-4,4,4294967295,0,1
