PoolBackground,32,-64,914CE4CD,0,1,1,4294967295,0,0
PoolSpikeR,704,384,6B72E981,0,1,1,4294967295,0,0
FallSpike,1248,224,784B4431,0,1,1,4294967295,0,0
FallSpike,1280,224,CAC247C5,0,1,1,4294967295,0,0
FallSpike,1312,224,4983846D,0,1,1,4294967295,0,0
FallSpike,1216,224,53B00516,0,1,1,4294967295,0,0
PoolSpikeL,1536,256,CCB5D4E7,0,1,1,4294967295,0,0
PoolSpikeR,1504,416,3478A2B8,0,1,1,4294967295,0,0
FallSpike,1184,224,E6A2888B,0,1,1,4294967295,0,0
FallSpike,864,320,7BE4918C,0,1,1,4294967295,0,0
FallSpike,1120,320,A1FB69EF,0,1,1,4294967295,0,0
PoolSpikeR,1504,96,3C1987E2,0,1,1,4294967295,0,0
Butten,576,384,064046A6,0,1,1,4294967295,0,1
DickMove,640,128,D3A9AFB7,0,1,1,4294967295,0,0
Butten,480,256,EF881928,0,1,1,4294967295,0,1
DickMove,736,320,DC8EC37A,0,1,1,4294967295,0,0
Butten,1088,192,1BDBDA05,0,1,1,4294967295,0,1
Butten,1024,256,16E4DD44,0,1,1,4294967295,0,1
Butten,1280,160,A386E807,0,1,1,4294967295,0,1
Block,0,576,D3D4B41B,0,11,1,4294967295,0,0
Block,448,576,3AFA1205,0,61,1,4294967295,0,0
OutsideBlock,320,608,249960B8,0,1,8,4294967295,0,0
OutsideBlock,448,608,39A1AC5D,0,1,8,4294967295,0,0
Block,0,0,4B06C3B8,0,1,18,4294967295,0,0
Block,32,0,6B5B4943,0,74,1,4294967295,0,0
Block,2368,32,B0163C2C,0,1,16,4294967295,0,0
OutsideBlock,2400,512,5AC5E86F,0,10,1,4294967295,0,0
OutsideBlock,2400,576,F866F836,0,10,1,4294967295,0,0
Block,96,224,65E237CE,0,1,1,4294967295,0,0
Block,32,320,6735F768,0,1,1,4294967295,0,0
Block,64,448,B4FFE84C,0,12,1,4294967295,0,0
Block,128,128,03F02392,0,1,10,4294967295,0,0
Block,32,32,A3F7848D,0,4,2,4294967295,0,0
Block,448,128,6FF0ECD5,0,1,14,4294967295,0,0
Block,384,96,DD676135,0,5,1,4294967295,0,0
Block,768,32,DE0EA5EA,0,2,16,4294967295,0,0
Block,1568,96,1F86DAFB,0,2,15,4294967295,0,0
Block,576,448,768B180E,0,6,1,4294967295,0,0
Block,544,352,5763C135,0,1,6,4294967295,0,0
Block,576,352,324DB8B8,0,4,1,4294967295,0,0
Block,480,288,35D3B073,0,2,1,4294967295,0,0
Block,576,32,266168EC,0,1,6,4294967295,0,0
Block,672,64,65C9215D,0,1,8,4294967295,0,0
Block,384,32,2EE7CE68,0,5,1,4294967295,0,0
Block,480,192,05541D8A,0,2,1,4294967295,0,0
Block,704,128,E3C5458C,0,2,1,4294967295,0,0
Block,704,288,F76C73F5,0,2,1,4294967295,0,0
Block,672,384,5706A59F,0,1,2,4294967295,0,0
Block,576,320,752F3863,0,1,1,4294967295,0,0
Block,608,288,D72122DC,0,1,2,4294967295,0,0
Block,576,416,48CB1368,0,2,1,4294967295,0,0
Block,864,512,BA24C16B,0,3,2,4294967295,0,0
Block,320,480,F0FCAD0E,0,1,2,4294967295,0,0
Block,736,32,72C21822,0,1,2,4294967295,0,0
Block,1472,32,69452844,0,1,13,4294967295,0,0
Block,1312,480,061870F9,0,8,3,4294967295,0,0
Block,1408,288,E863E754,0,2,1,4294967295,0,0
Block,1216,480,C244CA67,0,2,3,4294967295,0,0
Block,1184,192,AFDC043D,0,5,1,4294967295,0,0
Block,1184,544,E973C70E,0,1,1,4294967295,0,0
Block,1088,512,219168FF,0,3,2,4294967295,0,0
Block,1120,256,BDE93B4A,0,1,2,4294967295,0,0
Block,1024,192,B1614BDD,0,1,2,4294967295,0,0
Block,960,288,91164B70,0,3,1,4294967295,0,0
Block,1056,224,01199DFE,0,3,1,4294967295,0,0
Block,1024,32,7243986F,0,1,4,4294967295,0,0
Block,960,32,212419F7,0,1,4,4294967295,0,0
Block,992,544,DB3C87F3,0,2,1,4294967295,0,0
Block,960,192,EA0EDD75,0,1,2,4294967295,0,0
Block,1376,256,6E9C7F11,0,2,1,4294967295,0,0
Block,864,224,548BB0AE,0,3,1,4294967295,0,0
Block,864,256,846E7DCF,0,1,2,4294967295,0,0
Block,1184,96,1C8DBF4D,0,1,2,4294967295,0,0
Block,1216,96,5F33F3B7,0,3,1,4294967295,0,0
Block,1312,96,41B276C8,0,1,2,4294967295,0,0
Block,1248,32,3E8F665A,0,1,2,4294967295,0,0
Block,1376,320,4B1CFCB6,0,2,1,4294967295,0,0
Block,1408,352,C36A9B00,0,2,1,4294967295,0,0
ValveLever,480,160,A9ED0890,0,1,1,4294967295,0,1
JumpBlock,352,640,F6560BDE,0,3,1,4294967295,0,0
JumpThrough,352,608,FECBE0B3,0,3,1,4294967295,0,0
NextLevel,2400,544,E5003B9A,0,1,1,4294967295,0,0
Brock,160,544,A1CC3599,0,1,1,4294967295,0,0
Brock,192,544,E051932B,0,1,1,4294967295,0,0
Brock,224,544,A2C64F26,0,1,1,4294967295,0,0
Brock,160,512,DD5D299E,0,1,1,4294967295,0,0
Brock,224,512,349BC22D,0,1,1,4294967295,0,0
Brock,224,480,BAE81A85,0,1,1,4294967295,0,0
Brock,256,544,7D766253,0,1,1,4294967295,0,0
Brock,256,512,8EABC53E,0,1,1,4294967295,0,0
Valve,96,544,D6CC7B0D,0,1,1,4294967295,0,0
FloatBox,32,96,C34DE4F2,0,1,1,4294967295,0,0
FloatBox,64,96,B9418B25,0,1,1,4294967295,0,0
FloatBox,96,96,44B4B15D,0,1,1,4294967295,0,0
PoolLadder,160,352,7FE15FE1,0,1,1,4294967295,0,0
PoolLadder,160,384,7C21604C,0,1,1,4294967295,0,0
PoolLadder,160,416,7100FC8C,0,1,1,4294967295,0,0
PoolLadderTop,160,320,00C66905,0,1,1,4294967295,0,0
Plank,194,322,E1CD2BF5,0,1,1,4294967295,0,0
Floater,320,288,47639E6E,0,1,1,4294967295,0,0
FloatBox,32,352,8FFF08DE,0,1,1,4294967295,0,0
FloatBox,96,256,558D4168,0,1,1,4294967295,0,0
Clown,640,384,EBAAB63A,0,1,1,4294967295,0,0
Elevator,544,320,5B341B09,0,1,1,4294967295,0,0
Sponge,512,64,4F31434A,0,1,1,4294967295,0,0
Valve,736,96,F93F88E2,0,1,1,4294967295,0,0
FloatBox,512,256,F1F5E001,0,1,1,4294967295,0,0
Elevator,640,416,0081EA95,0,1,1,4294967295,0,0
Brock,512,160,EEB2A6EC,0,1,1,4294967295,0,0
CubeFloater,704,256,72B40FAD,0,1,1,4294967295,0,0
CubeFloater,736,256,50C67595,0,1,1,4294967295,0,0
Brock,608,512,FAFA1C26,0,1,1,4294967295,0,0
Brock,640,512,D6D6E1CB,0,1,1,4294967295,0,0
Brock,640,544,95A10BB5,0,1,1,4294967295,0,0
Brock,672,544,6925BA39,0,1,1,4294967295,0,0
Brock,704,544,3CECF2D4,0,1,1,4294967295,0,0
Brock,704,512,3C4B97C9,0,1,1,4294967295,0,0
Brock,640,480,71F8F5E3,0,1,1,4294967295,0,0
Brock,608,544,EC1086BB,0,1,1,4294967295,0,0
Floater,736,416,E993810C,0,1,1,4294967295,0,0
CubeFloater,672,32,5AF79ECD,0,1,1,4294967295,0,0
Valve,544,544,9BFA8504,0,1,1,4294967295,0,0
FloatBox,960,160,B56A2F11,0,1,1,4294967295,0,0
Valve,1408,224,AF3A0D69,0,1,1,4294967295,0,0
Elevator,1280,544,D5D61273,0,1,1,4294967295,0,0
Sponge,960,256,985A55D1,0,1,1,4294967295,0,0
Elevator,1184,512,27615FC9,0,1,1,4294967295,0,0
Clown,1024,160,83FE696F,0,1,1,4294967295,0,0
CubeFloater,1216,160,67D333C0,0,1,1,4294967295,0,0
PoolLadder,1024,512,DDF39734,0,1,1,4294967295,0,0
PoolLadder,1024,480,96A39924,0,1,1,4294967295,0,0
PoolLadderTop,1024,416,87D9A6A8,0,1,1,4294967295,0,0
Valve,992,512,BCDC45D6,0,1,1,4294967295,0,0
PoolLadder,1344,352,3C8546EF,0,1,1,4294967295,0,0
PoolLadder,1344,384,B0CE4EE1,0,1,1,4294967295,0,0
PoolLadder,1344,416,375D4D59,0,1,1,4294967295,0,0
PoolLadderTop,1344,320,D748B524,0,1,1,4294967295,0,0
Plank,1342,322,45D1549E,0,-1,1,4294967295,0,0
PoolLadder,1024,448,47BCE2F0,0,1,1,4294967295,0,0
Elevator,928,192,A0612EA5,0,1,1,4294967295,0,0
Plank,1022,418,52DBC502,0,-1,1,4294967295,0,0
CubeFloater,896,192,81FC5C68,0,1,1,4294967295,0,0
PoolLadder,1344,448,6631BDB4,0,1,1,4294967295,0,0
PlayerStart,384,608,B9672815,0,1,1,4294967295,0,0
SavePool,448,64,D418EF3B,0,1,1,4294967295,0,0
SavePool,896,480,458E927A,0,1,1,4294967295,0,0
PoolWater,-64,112,C1BC49A9,0,1,1,4294967295,0,0
